{
  "Contig Stats": {
    "L10": 41,
    "L20": 99,
    "L30": 174,
    "L40": 267,
    "L50": 385,
    "N10": 12643769,
    "N20": 9681846,
    "N30": 7895799,
    "N40": 6288966,
    "N50": 4902968,
    "gc_content": 35.248103813419206,
    "longest": 43529772,
    "mean": 1552486.9914285715,
    "median": 331935.0,
    "sequence_count": 4200,
    "shortest": 1000,
    "total_bps": 6520445364
  },
  "Scaffold Stats": {
    "L10": 0,
    "L20": 0,
    "L30": 1,
    "L40": 2,
    "L50": 3,
    "N10": 1438277616,
    "N20": 1438277616,
    "N30": 915491830,
    "N40": 607508155,
    "N50": 518932092,
    "gc_content": 35.248103813419206,
    "longest": 1438277616,
    "mean": 3212576.533990148,
    "median": 62362.5,
    "sequence_count": 2030,
    "shortest": 1000,
    "total_bps": 6521530364
  }
}
